User-based Cosine Similarity:
1.0000 0.8939 0.9488 0.9488 0.8788 0.9318 0.9509 0.9451 0.9397 0.8828 0.8791 0.8640 0.9505 0.8971 0.9474 0.8540 0.8952 0.9963 0.9333 0.8283 0.9318 0.9376 0.8942 0.8951 0.8809 0.9966 0.9318 0.9967 0.9473 0.8691 0.8668 0.8992 0.8811 0.8700 0.9101 0.8276 0.7986 0.9351 0.9355 0.8120 0.7475 0.8843 0.8554 0.7721 0.9458 0.8808 0.8230 0.9956 0.8285 0.9442
0.8939 1.0000 0.8531 0.8531 0.7508 0.8169 0.8510 0.9539 0.8410 0.7657 0.7607 0.7122 0.8613 0.9001 0.8648 0.8289 0.8840 0.8932 0.8333 0.6956 0.8298 0.8492 0.7823 0.8041 0.8712 0.8950 0.8137 0.9094 0.8657 0.7712 0.7482 0.7826 0.7800 0.7520 0.7896 0.7982 0.6847 0.8519 0.8553 0.6827 0.7257 0.7688 0.7394 0.8673 0.8311 0.7594 0.7912 0.9151 0.7999 0.9499
0.9488 0.8531 1.0000 0.9970 0.9475 0.8801 0.9984 0.9049 0.9968 0.9465 0.9456 0.8411 0.9988 0.9497 0.9978 0.9229 0.9599 0.9456 0.9978 0.8931 0.9972 0.9941 0.9569 0.9581 0.9591 0.9464 0.8811 0.9472 0.9970 0.9336 0.9339 0.9576 0.9355 0.9465 0.9610 0.8967 0.8823 0.9970 0.9979 0.8807 0.8239 0.9481 0.9430 0.7451 0.9973 0.9472 0.9081 0.9450 0.8932 0.8929
0.9488 0.8531 0.9970 1.0000 0.9360 0.8818 0.9955 0.8934 0.9968 0.9481 0.9456 0.8243 0.9973 0.9591 0.9978 0.9081 0.9488 0.9471 0.9963 0.8931 0.9957 0.9970 0.9584 0.9566 0.9449 0.9464 0.8793 0.9472 0.9955 0.9321 0.9449 0.9591 0.9323 0.9481 0.9595 0.8951 0.8807 0.9985 0.9964 0.8807 0.8380 0.9481 0.9307 0.7472 0.9973 0.9456 0.8929 0.9450 0.8916 0.9064
0.8788 0.7508 0.9475 0.9360 1.0000 0.8219 0.9506 0.8103 0.9410 0.8759 0.8708 0.8750 0.9366 0.9014 0.9336 0.8401 0.8725 0.8806 0.9450 0.8120 0.9442 0.9395 0.9041 0.8877 0.8873 0.8695 0.8016 0.8868 0.9458 0.8738 0.8876 0.8954 0.8722 0.8740 0.9051 0.9539 0.7925 0.9346 0.9487 0.8087 0.7356 0.8757 0.9950 0.6148 0.9457 0.8866 0.8212 0.8725 0.9521 0.8194
0.9318 0.8169 0.8801 0.8818 0.8219 1.0000 0.8872 0.8779 0.8915 0.8297 0.7941 0.7789 0.8846 0.8279 0.8920 0.7588 0.8103 0.9489 0.8622 0.7458 0.8738 0.8905 0.8338 0.8185 0.8128 0.9375 0.8531 0.9281 0.8784 0.9286 0.8150 0.8424 0.7990 0.7990 0.8361 0.7612 0.7077 0.8668 0.8711 0.6945 0.6243 0.8292 0.8031 0.6811 0.8893 0.7964 0.7202 0.9416 0.7755 0.8883
0.9509 0.8510 0.9984 0.9955 0.9506 0.8872 1.0000 0.9000 0.9966 0.9481 0.9477 0.8511 0.9979 0.9511 0.9967 0.9047 0.9493 0.9474 0.9953 0.8882 0.9952 0.9930 0.9472 0.9495 0.9512 0.9491 0.8888 0.9476 0.9970 0.9367 0.9239 0.9470 0.9390 0.9481 0.9524 0.9031 0.8881 0.9940 0.9959 0.8881 0.8342 0.9512 0.9457 0.7346 0.9968 0.9477 0.9023 0.9481 0.9007 0.8990
0.9451 0.9539 0.9049 0.8934 0.8103 0.8779 0.9000 1.0000 0.8894 0.8167 0.8158 0.7907 0.9109 0.8591 0.9054 0.8812 0.9400 0.9460 0.8886 0.7599 0.8871 0.8905 0.8236 0.8399 0.9283 0.9537 0.8907 0.9540 0.9082 0.8370 0.8180 0.8309 0.8469 0.8044 0.8388 0.7681 0.7498 0.8921 0.8954 0.7373 0.6903 0.8197 0.7959 0.8081 0.8885 0.8144 0.8489 0.9593 0.7725 0.9092
0.9397 0.8410 0.9968 0.9968 0.9410 0.8915 0.9966 0.8894 1.0000 0.9534 0.9518 0.8251 0.9975 0.9504 0.9981 0.9050 0.9503 0.9406 0.9953 0.8793 0.9968 0.9966 0.9509 0.9485 0.9520 0.9395 0.8651 0.9365 0.9939 0.9509 0.9400 0.9529 0.9250 0.9505 0.9514 0.8909 0.8777 0.9967 0.9956 0.8761 0.8260 0.9535 0.9361 0.7298 0.9969 0.9517 0.9045 0.9370 0.8901 0.8900
0.8828 0.7657 0.9465 0.9481 0.8759 0.8297 0.9481 0.8167 0.9534 1.0000 0.8884 0.8688 0.9489 0.8779 0.9463 0.8470 0.8901 0.8855 0.9430 0.8060 0.9428 0.9375 0.8915 0.9007 0.8889 0.8880 0.7965 0.8756 0.9293 0.8898 0.8907 0.8992 0.8613 0.9951 0.9065 0.8200 0.9120 0.9467 0.9456 0.7864 0.7356 0.9984 0.8614 0.7773 0.9443 0.8770 0.8284 0.8746 0.7929 0.8284
0.8791 0.7607 0.9456 0.9456 0.8708 0.7941 0.9477 0.8158 0.9518 0.8884 1.0000 0.7253 0.9500 0.8884 0.9452 0.8432 0.9025 0.8677 0.9467 0.8341 0.9463 0.9385 0.8778 0.8796 0.9046 0.8765 0.8110 0.8593 0.9456 0.8811 0.8783 0.8835 0.8766 0.8916 0.8788 0.8003 0.8303 0.9473 0.9338 0.9387 0.8851 0.8899 0.8636 0.5981 0.9445 0.9966 0.9554 0.8636 0.8157 0.8006
0.8640 0.7122 0.8411 0.8243 0.8750 0.7789 0.8511 0.7907 0.8251 0.8688 0.7253 1.0000 0.8342 0.7488 0.8187 0.7133 0.7587 0.8640 0.8219 0.6530 0.8157 0.8061 0.7494 0.7560 0.7610 0.8635 0.7936 0.8679 0.8243 0.7207 0.7462 0.7502 0.7636 0.8566 0.7879 0.8109 0.7748 0.8100 0.8292 0.6420 0.5448 0.8702 0.8404 0.6970 0.8304 0.7261 0.6679 0.8533 0.7791 0.7844
0.9505 0.8613 0.9988 0.9973 0.9366 0.8846 0.9979 0.9109 0.9975 0.9489 0.9500 0.8342 1.0000 0.9505 0.9984 0.9141 0.9624 0.9486 0.9969 0.8865 0.9967 0.9951 0.9466 0.9491 0.9613 0.9512 0.8878 0.9483 0.9973 0.9376 0.9367 0.9483 0.9382 0.9490 0.9505 0.8870 0.8876 0.9973 0.9964 0.8844 0.8340 0.9505 0.9316 0.7455 0.9968 0.9484 0.9116 0.9489 0.8849 0.9001
0.8971 0.9001 0.9497 0.9591 0.9014 0.8279 0.9511 0.8591 0.9504 0.8779 0.8884 0.7488 0.9505 1.0000 0.9590 0.8623 0.9033 0.8949 0.9462 0.8345 0.9445 0.9602 0.9172 0.9181 0.9036 0.8880 0.8128 0.9053 0.9607 0.8786 0.8777 0.9084 0.8793 0.8777 0.9080 0.9440 0.8053 0.9592 0.9611 0.8329 0.8695 0.8793 0.9031 0.7731 0.9443 0.8919 0.8441 0.9039 0.9435 0.9405
0.9474 0.8648 0.9978 0.9978 0.9336 0.8920 0.9967 0.9054 0.9981 0.9463 0.9452 0.8187 0.9984 0.9590 1.0000 0.9186 0.9581 0.9458 0.9954 0.8920 0.9962 0.9967 0.9569 0.9583 0.9574 0.9459 0.8771 0.9453 0.9962 0.9460 0.9320 0.9581 0.9320 0.9447 0.9581 0.8922 0.8791 0.9978 0.9973 0.8774 0.8334 0.9479 0.9305 0.7558 0.9962 0.9452 0.9049 0.9463 0.8905 0.9049
0.8540 0.8289 0.9229 0.9081 0.8401 0.7588 0.9047 0.8812 0.9050 0.8470 0.8432 0.7133 0.9141 0.8623 0.9186 1.0000 0.9555 0.8413 0.9184 0.8697 0.9156 0.9000 0.9427 0.9571 0.9436 0.8414 0.7562 0.8576 0.9081 0.8352 0.8331 0.9471 0.8348 0.8467 0.9483 0.7855 0.7799 0.9199 0.9228 0.7656 0.6916 0.8484 0.8459 0.8074 0.9036 0.8573 0.8943 0.8453 0.7722 0.7755
0.8952 0.8840 0.9599 0.9488 0.8725 0.8103 0.9493 0.9400 0.9503 0.8901 0.9025 0.7587 0.9624 0.9033 0.9581 0.9555 1.0000 0.8932 0.9596 0.8460 0.9578 0.9493 0.9023 0.9166 0.9959 0.9021 0.8385 0.9012 0.9583 0.8909 0.9015 0.9071 0.9032 0.8932 0.9063 0.8175 0.8443 0.9601 0.9590 0.8286 0.7789 0.8916 0.8750 0.7684 0.9462 0.9010 0.9411 0.9017 0.8157 0.8415
0.9963 0.8932 0.9456 0.9471 0.8806 0.9489 0.9474 0.9460 0.9406 0.8855 0.8677 0.8640 0.9486 0.8949 0.9458 0.8413 0.8932 1.0000 0.9305 0.8031 0.9306 0.9401 0.8858 0.8805 0.8806 0.9967 0.9198 0.9965 0.9441 0.8827 0.8838 0.8921 0.8681 0.8681 0.8983 0.8284 0.7833 0.9336 0.9338 0.7833 0.7220 0.8838 0.8552 0.7662 0.9445 0.8694 0.8090 0.9953 0.8307 0.9472
0.9333 0.8333 0.9978 0.9963 0.9450 0.8622 0.9953 0.8886 0.9953 0.9430 0.9467 0.8219 0.9969 0.9462 0.9954 0.9184 0.9596 0.9305 1.0000 0.9048 0.9993 0.9953 0.9569 0.9567 0.9589 0.9326 0.8785 0.9322 0.9963 0.9333 0.9462 0.9565 0.9462 0.9478 0.9581 0.8919 0.8939 0.9978 0.9973 0.8922 0.8365 0.9446 0.9444 0.7201 0.9977 0.9467 0.9063 0.9303 0.8886 0.8773
0.8283 0.6956 0.8931 0.8931 0.8120 0.7458 0.8882 0.7599 0.8793 0.8060 0.8341 0.6530 0.8865 0.8345 0.8920 0.8697 0.8460 0.8031 0.9048 1.0000 0.9038 0.8898 0.9305 0.9446 0.8372 0.8169 0.8642 0.8161 0.8947 0.8394 0.8073 0.9220 0.9416 0.8359 0.9310 0.7564 0.8835 0.8934 0.8949 0.8977 0.8191 0.8224 0.8384 0.6230 0.9035 0.8327 0.7820 0.8228 0.7487 0.7514
0.9318 0.8298 0.9972 0.9957 0.9442 0.8738 0.9952 0.8871 0.9968 0.9428 0.9463 0.8157 0.9967 0.9445 0.9962 0.9156 0.9578 0.9306 0.9993 0.9038 1.0000 0.9967 0.9570 0.9555 0.9589 0.9319 0.8760 0.9301 0.9957 0.9459 0.9460 0.9572 0.9444 0.9460 0.9568 0.8888 0.8906 0.9973 0.9970 0.8889 0.8314 0.9444 0.9445 0.7132 0.9984 0.9464 0.9047 0.9299 0.8873 0.8752
0.9376 0.8492 0.9941 0.9970 0.9395 0.8905 0.9930 0.8905 0.9966 0.9375 0.9385 0.8061 0.9951 0.9602 0.9967 0.9000 0.9493 0.9401 0.9953 0.8898 0.9967 1.0000 0.9532 0.9480 0.9497 0.9382 0.8754 0.9384 0.9955 0.9502 0.9512 0.9527 0.9360 0.9375 0.9494 0.9000 0.8737 0.9969 0.9959 0.8753 0.8359 0.9375 0.9383 0.7229 0.9968 0.9385 0.8876 0.9390 0.9007 0.9023
0.8942 0.7823 0.9569 0.9584 0.9041 0.8338 0.9472 0.8236 0.9509 0.8915 0.8778 0.7494 0.9466 0.9172 0.9569 0.9427 0.9023 0.8858 0.9569 0.9305 0.9570 0.9532 1.0000 0.9931 0.8928 0.8757 0.8013 0.8928 0.9460 0.8935 0.8945 0.9985 0.8784 0.8913 0.9961 0.8622 0.8178 0.9585 0.9602 0.8212 0.7558 0.8913 0.9081 0.7494 0.9569 0.8926 0.8323 0.8802 0.8512 0.8323
0.8951 0.8041 0.9581 0.9566 0.8877 0.8185 0.9495 0.8399 0.9485 0.9007 0.8796 0.7560 0.9491 0.9181 0.9583 0.9571 0.9166 0.8805 0.9567 0.9446 0.9555 0.9480 0.9931 1.0000 0.9068 0.8777 0.8181 0.8911 0.9474 0.8852 0.8673 0.9912 0.8958 0.9053 0.9954 0.8515 0.8530 0.9582 0.9611 0.8379 0.7773 0.9053 0.8949 0.7860 0.9539 0.8893 0.8494 0.8833 0.8357 0.8358
0.8809 0.8712 0.9591 0.9449 0.8873 0.8128 0.9512 0.9283 0.9520 0.8889 0.9046 0.7610 0.9613 0.9036 0.9574 0.9436 0.9959 0.8806 0.9589 0.8372 0.9589 0.9497 0.8928 0.9068 1.0000 0.8892 0.8282 0.8867 0.9591 0.9073 0.8920 0.8959 0.9051 0.8920 0.8951 0.8330 0.8460 0.9576 0.9596 0.8321 0.7822 0.8920 0.8932 0.7399 0.9458 0.9031 0.9453 0.8905 0.8341 0.8293
0.9966 0.8950 0.9464 0.9464 0.8695 0.9375 0.9491 0.9537 0.9395 0.8880 0.8765 0.8635 0.9512 0.8880 0.9459 0.8414 0.9021 0.9967 0.9326 0.8169 0.9319 0.9382 0.8757 0.8777 0.8892 1.0000 0.9422 0.9942 0.9464 0.8790 0.8760 0.8821 0.8894 0.8760 0.8916 0.8120 0.8123 0.9337 0.9331 0.8088 0.7449 0.8894 0.8465 0.7623 0.9450 0.8733 0.8231 0.9971 0.8138 0.9422
0.9318 0.8137 0.8811 0.8793 0.8016 0.8531 0.8888 0.8907 0.8651 0.7965 0.8110 0.7936 0.8878 0.8128 0.8771 0.7562 0.8385 0.9198 0.8785 0.8642 0.8760 0.8754 0.8013 0.8181 0.8282 0.9422 1.0000 0.9255 0.8950 0.8174 0.7996 0.7982 0.9447 0.8123 0.8202 0.7397 0.8588 0.8658 0.8687 0.8569 0.7850 0.8123 0.7987 0.6334 0.8899 0.7949 0.7475 0.9431 0.7437 0.8740
0.9967 0.9094 0.9472 0.9472 0.8868 0.9281 0.9476 0.9540 0.9365 0.8756 0.8593 0.8679 0.9483 0.9053 0.9453 0.8576 0.9012 0.9965 0.9322 0.8161 0.9301 0.9384 0.8928 0.8911 0.8867 0.9942 0.9255 1.0000 0.9472 0.8634 0.8770 0.8962 0.8770 0.8621 0.9065 0.8457 0.7857 0.9346 0.9370 0.7875 0.7317 0.8754 0.8640 0.7849 0.9430 0.8629 0.8103 0.9960 0.8451 0.9539
0.9473 0.8657 0.9970 0.9955 0.9458 0.8784 0.9970 0.9082 0.9939 0.9293 0.9456 0.8243 0.9973 0.9607 0.9962 0.9081 0.9583 0.9441 0.9963 0.8947 0.9957 0.9955 0.9460 0.9474 0.9591 0.9464 0.8950 0.9472 1.0000 0.9336 0.9323 0.9442 0.9481 0.9323 0.9472 0.9065 0.8807 0.9955 0.9964 0.8956 0.8522 0.9323 0.9446 0.7270 0.9957 0.9456 0.9064 0.9481 0.9077 0.9064
0.8691 0.7712 0.9336 0.9321 0.8738 0.9286 0.9367 0.8370 0.9509 0.8898 0.8811 0.7207 0.9376 0.8786 0.9460 0.8352 0.8909 0.8827 0.9333 0.8394 0.9459 0.9502 0.8935 0.8852 0.9073 0.8790 0.8174 0.8634 0.9336 1.0000 0.8816 0.8975 0.8816 0.8800 0.8830 0.8085 0.8229 0.9338 0.9358 0.8059 0.7449 0.8929 0.8811 0.6334 0.9442 0.8780 0.8340 0.8818 0.8214 0.8219
0.8668 0.7482 0.9339 0.9449 0.8876 0.8150 0.9239 0.8180 0.9400 0.8907 0.8783 0.7462 0.9367 0.8777 0.9320 0.8331 0.9015 0.8838 0.9462 0.8073 0.9460 0.9512 0.8945 0.8673 0.8920 0.8760 0.7996 0.8770 0.9323 0.8816 1.0000 0.8991 0.8660 0.8905 0.8825 0.8197 0.8032 0.9466 0.9363 0.7877 0.7386 0.8775 0.8788 0.6254 0.9443 0.8785 0.8157 0.8646 0.8194 0.8175
0.8992 0.7826 0.9576 0.9591 0.8954 0.8424 0.9470 0.8309 0.9529 0.8992 0.8835 0.7502 0.9483 0.9084 0.9581 0.9471 0.9071 0.8921 0.9565 0.9220 0.9572 0.9527 0.9985 0.9912 0.8959 0.8821 0.7982 0.8962 0.9442 0.8975 0.8991 1.0000 0.8696 0.8960 0.9958 0.8438 0.8143 0.9591 0.9588 0.8143 0.7426 0.8975 0.8962 0.7566 0.9572 0.8977 0.8404 0.8837 0.8329 0.8288
0.8811 0.7800 0.9355 0.9323 0.8722 0.7990 0.9390 0.8469 0.9250 0.8613 0.8766 0.7636 0.9382 0.8793 0.9320 0.8348 0.9032 0.8681 0.9462 0.9416 0.9444 0.9360 0.8784 0.8958 0.9051 0.8894 0.9447 0.8770 0.9481 0.8816 0.8660 0.8696 1.0000 0.8905 0.8840 0.8214 0.9428 0.9325 0.9363 0.9273 0.8709 0.8775 0.8901 0.6233 0.9443 0.8619 0.8297 0.8923 0.8194 0.8315
0.8700 0.7520 0.9465 0.9481 0.8740 0.7990 0.9481 0.8044 0.9505 0.9951 0.8916 0.8566 0.9490 0.8777 0.9447 0.8467 0.8932 0.8681 0.9478 0.8359 0.9460 0.9375 0.8913 0.9053 0.8920 0.8760 0.8123 0.8621 0.9323 0.8800 0.8905 0.8960 0.8905 1.0000 0.9063 0.8197 0.9445 0.9482 0.9471 0.8187 0.7699 0.9967 0.8660 0.7576 0.9459 0.8768 0.8315 0.8630 0.7909 0.8157
0.9101 0.7896 0.9610 0.9595 0.9051 0.8361 0.9524 0.8388 0.9514 0.9065 0.8788 0.7879 0.9505 0.9080 0.9581 0.9483 0.9063 0.8983 0.9581 0.9310 0.9568 0.9494 0.9961 0.9954 0.8951 0.8916 0.8202 0.9065 0.9472 0.8830 0.8825 0.9958 0.8840 0.9063 1.0000 0.8554 0.8368 0.9580 0.9611 0.8233 0.7469 0.9079 0.9053 0.7733 0.9583 0.8919 0.8362 0.8937 0.8396 0.8362
0.8276 0.7982 0.8967 0.8951 0.9539 0.7612 0.9031 0.7681 0.8909 0.8200 0.8003 0.8109 0.8870 0.9440 0.8922 0.7855 0.8175 0.8284 0.8919 0.7564 0.8888 0.9000 0.8622 0.8515 0.8330 0.8120 0.7397 0.8457 0.9065 0.8085 0.8197 0.8438 0.8214 0.8197 0.8554 1.0000 0.7373 0.8937 0.9115 0.7516 0.7668 0.8214 0.9548 0.6684 0.8902 0.8161 0.7485 0.8319 0.9940 0.8636
0.7986 0.6847 0.8823 0.8807 0.7925 0.7077 0.8881 0.7498 0.8777 0.9120 0.8303 0.7748 0.8876 0.8053 0.8791 0.7799 0.8443 0.7833 0.8939 0.8835 0.8906 0.8737 0.8178 0.8530 0.8460 0.8123 0.8588 0.7857 0.8807 0.8229 0.8032 0.8143 0.9428 0.9445 0.8368 0.7373 1.0000 0.8827 0.8846 0.8655 0.8140 0.9290 0.8067 0.6575 0.8886 0.8010 0.7753 0.8036 0.7088 0.7439
0.9351 0.8519 0.9970 0.9985 0.9346 0.8668 0.9940 0.8921 0.9967 0.9467 0.9473 0.8100 0.9973 0.9592 0.9978 0.9199 0.9601 0.9336 0.9978 0.8934 0.9973 0.9969 0.9585 0.9582 0.9576 0.9337 0.8658 0.9346 0.9955 0.9338 0.9466 0.9591 0.9325 0.9482 0.9580 0.8937 0.8827 1.0000 0.9978 0.8810 0.8403 0.9466 0.9323 0.7460 0.9958 0.9473 0.9067 0.9326 0.8902 0.8932
0.9355 0.8553 0.9979 0.9964 0.9487 0.8711 0.9959 0.8954 0.9956 0.9456 0.9338 0.8292 0.9964 0.9611 0.9973 0.9228 0.9590 0.9338 0.9973 0.8949 0.9970 0.9959 0.9602 0.9611 0.9596 0.9331 0.8687 0.9370 0.9964 0.9358 0.9363 0.9588 0.9363 0.9471 0.9611 0.9115 0.8846 0.9978 1.0000 0.8715 0.8280 0.9471 0.9481 0.7526 0.9955 0.9354 0.8970 0.9348 0.9061 0.8953
0.8120 0.6827 0.8807 0.8807 0.8087 0.6945 0.8881 0.7373 0.8761 0.7864 0.9387 0.6420 0.8844 0.8329 0.8774 0.7656 0.8286 0.7833 0.8922 0.8977 0.8889 0.8753 0.8212 0.8379 0.8321 0.8088 0.8569 0.7875 0.8956 0.8059 0.7877 0.8143 0.9273 0.8187 0.8233 0.7516 0.8655 0.8810 0.8715 1.0000 0.9497 0.8032 0.8237 0.4782 0.8886 0.9267 0.8790 0.8036 0.7689 0.7402
0.7475 0.7257 0.8239 0.8380 0.7356 0.6243 0.8342 0.6903 0.8260 0.7356 0.8851 0.5448 0.8340 0.8695 0.8334 0.6916 0.7789 0.7220 0.8365 0.8191 0.8314 0.8359 0.7558 0.7773 0.7822 0.7449 0.7850 0.7317 0.8522 0.7449 0.7386 0.7426 0.8709 0.7699 0.7469 0.7668 0.8140 0.8403 0.8280 0.9497 1.0000 0.7515 0.7552 0.5121 0.8291 0.8669 0.8226 0.7521 0.7838 0.7772
0.8843 0.7688 0.9481 0.9481 0.8757 0.8292 0.9512 0.8197 0.9535 0.9984 0.8899 0.8702 0.9505 0.8793 0.9479 0.8484 0.8916 0.8838 0.9446 0.8224 0.9444 0.9375 0.8913 0.9053 0.8920 0.8894 0.8123 0.8754 0.9323 0.8929 0.8775 0.8975 0.8775 0.9967 0.9079 0.8214 0.9290 0.9466 0.9471 0.8032 0.7515 1.0000 0.8644 0.7765 0.9459 0.8768 0.8315 0.8777 0.7942 0.8297
0.8554 0.7394 0.9430 0.9307 0.9950 0.8031 0.9457 0.7959 0.9361 0.8614 0.8636 0.8404 0.9316 0.9031 0.9305 0.8459 0.8750 0.8552 0.9444 0.8384 0.9445 0.9383 0.9081 0.8949 0.8932 0.8465 0.7987 0.8640 0.9446 0.8811 0.8788 0.8962 0.8901 0.8660 0.9053 0.9548 0.8067 0.9323 0.9481 0.8237 0.7552 0.8644 1.0000 0.5964 0.9428 0.8784 0.8210 0.8533 0.9539 0.8021
0.7721 0.8673 0.7451 0.7472 0.6148 0.6811 0.7346 0.8081 0.7298 0.7773 0.5981 0.6970 0.7455 0.7731 0.7558 0.8074 0.7684 0.7662 0.7201 0.6230 0.7132 0.7229 0.7494 0.7860 0.7399 0.7623 0.6334 0.7849 0.7270 0.6334 0.6254 0.7566 0.6233 0.7576 0.7733 0.6684 0.6575 0.7460 0.7526 0.4782 0.5121 0.7765 0.5964 1.0000 0.7144 0.5971 0.6308 0.7752 0.6219 0.8156
0.9458 0.8311 0.9973 0.9973 0.9457 0.8893 0.9968 0.8885 0.9969 0.9443 0.9445 0.8304 0.9968 0.9443 0.9962 0.9036 0.9462 0.9445 0.9977 0.9035 0.9984 0.9968 0.9569 0.9539 0.9458 0.9450 0.8899 0.9430 0.9957 0.9442 0.9443 0.9572 0.9443 0.9459 0.9583 0.8902 0.8886 0.9958 0.9955 0.8886 0.8291 0.9459 0.9428 0.7144 1.0000 0.9446 0.8905 0.9427 0.8887 0.8888
0.8808 0.7594 0.9472 0.9456 0.8866 0.7964 0.9477 0.8144 0.9517 0.8770 0.9966 0.7261 0.9484 0.8919 0.9452 0.8573 0.9010 0.8694 0.9467 0.8327 0.9464 0.9385 0.8926 0.8893 0.9031 0.8733 0.7949 0.8629 0.9456 0.8780 0.8785 0.8977 0.8619 0.8768 0.8919 0.8161 0.8010 0.9473 0.9354 0.9267 0.8669 0.8768 0.8784 0.5971 0.9446 1.0000 0.9555 0.8622 0.8330 0.7975
0.8230 0.7912 0.9081 0.8929 0.8212 0.7202 0.9023 0.8489 0.9045 0.8284 0.9554 0.6679 0.9116 0.8441 0.9049 0.8943 0.9411 0.8090 0.9063 0.7820 0.9047 0.8876 0.8323 0.8494 0.9453 0.8231 0.7475 0.8103 0.9064 0.8340 0.8157 0.8404 0.8297 0.8315 0.8362 0.7485 0.7753 0.9067 0.8970 0.8790 0.8226 0.8315 0.8210 0.6308 0.8905 0.9555 1.0000 0.8144 0.7645 0.7382
0.9956 0.9151 0.9450 0.9450 0.8725 0.9416 0.9481 0.9593 0.9370 0.8746 0.8636 0.8533 0.9489 0.9039 0.9463 0.8453 0.9017 0.9953 0.9303 0.8228 0.9299 0.9390 0.8802 0.8833 0.8905 0.9971 0.9431 0.9960 0.9481 0.8818 0.8646 0.8837 0.8923 0.8630 0.8937 0.8319 0.8036 0.9326 0.9348 0.8036 0.7521 0.8777 0.8533 0.7752 0.9427 0.8622 0.8144 1.0000 0.8347 0.9580
0.8285 0.7999 0.8932 0.8916 0.9521 0.7755 0.9007 0.7725 0.8901 0.7929 0.8157 0.7791 0.8849 0.9435 0.8905 0.7722 0.8157 0.8307 0.8886 0.7487 0.8873 0.9007 0.8512 0.8357 0.8341 0.8138 0.7437 0.8451 0.9077 0.8214 0.8194 0.8329 0.8194 0.7909 0.8396 0.9940 0.7088 0.8902 0.9061 0.7689 0.7838 0.7942 0.9539 0.6219 0.8887 0.8330 0.7645 0.8347 1.0000 0.8634
0.9442 0.9499 0.8929 0.9064 0.8194 0.8883 0.8990 0.9092 0.8900 0.8284 0.8006 0.7844 0.9001 0.9405 0.9049 0.7755 0.8415 0.9472 0.8773 0.7514 0.8752 0.9023 0.8323 0.8358 0.8293 0.9422 0.8740 0.9539 0.9064 0.8219 0.8175 0.8288 0.8315 0.8157 0.8362 0.8636 0.7439 0.8932 0.8953 0.7402 0.7772 0.8297 0.8021 0.8156 0.8888 0.7975 0.7382 0.9580 0.8634 1.0000


Item-based Cosine Similarity:
1.0000 0.9339 0.9193 0.8771 0.9220 0.8878 0.7840 0.8558 0.8869 0.8793
0.9339 1.0000 0.9677 0.9268 0.9190 0.9340 0.8599 0.9073 0.9098 0.9101
0.9193 0.9677 1.0000 0.9111 0.9075 0.9224 0.8667 0.8980 0.9010 0.9004
0.8771 0.9268 0.9111 1.0000 0.8811 0.8859 0.8256 0.8745 0.8723 0.8617
0.9220 0.9190 0.9075 0.8811 1.0000 0.8748 0.8033 0.8614 0.8582 0.8678
0.8878 0.9340 0.9224 0.8859 0.8748 1.0000 0.8151 0.8641 0.8555 0.9056
0.7840 0.8599 0.8667 0.8256 0.8033 0.8151 1.0000 0.7823 0.8420 0.8439
0.8558 0.9073 0.8980 0.8745 0.8614 0.8641 0.7823 1.0000 0.8742 0.8556
0.8869 0.9098 0.9010 0.8723 0.8582 0.8555 0.8420 0.8742 1.0000 0.8787
0.8793 0.9101 0.9004 0.8617 0.8678 0.9056 0.8439 0.8556 0.8787 1.0000


User-based Pearson Correlation:
1.0000 0.7455 0.7826 0.7826 0.7116 0.5080 0.5263 0.3810 0.5263 0.7040 0.3536 0.7303 0.6489 0.8528 0.7947 0.5477 0.7372 0.4211 0.6999 0.7500 0.7370 0.4056 0.2928 0.5530 0.2673 0.3441 0.2037 0.6593 0.5625 0.3394 0.1873 0.3246 0.3394 0.7865 0.2582 0.7308 0.9102 0.7947 0.6593 0.8408 0.4763 0.8825 0.6040 0.0000 0.7456 0.7500 0.7338 0.4359 0.6154 0.1474
0.7455 1.0000 0.5477 0.5477 0.5000 0.2941 0.4385 0.6455 0.4385 0.4287 0.5423 0.5000 0.6455 0.4824 0.8672 0.0000 0.6500 0.0913 0.4183 0.6667 0.7303 0.1936 0.0000 0.6860 0.5477 0.5477 nan 0.1754 0.2582 0.7276 0.0000 0.0000 0.2425 0.6471 0.0000 0.7559 0.8686 0.5477 0.4824 0.5345 0.3273 0.8677 0.7746 0.0000 0.7303 0.2941 0.8402 0.6455 0.3873 0.3536
0.7826 0.5477 1.0000 0.5918 0.5617 0.5000 0.7753 0.0679 0.5324 0.5330 0.2365 0.8437 0.8255 0.9168 0.7377 1.0000 0.5547 0.3179 0.6776 0.2085 0.5571 0.1292 0.0884 0.5754 0.2362 0.3198 0.5345 0.6701 0.5918 0.5000 0.5303 0.1768 0.7955 0.4264 0.7510 0.8340 0.8528 0.6707 0.7866 0.6396 0.5401 0.6663 0.2665 0.0000 0.5238 0.5909 0.5517 0.3411 0.3397 0.2337
0.7826 0.5477 0.5918 1.0000 0.8825 0.7500 0.3446 0.3739 0.5324 0.7249 0.2365 0.5916 0.6024 0.5750 0.7377 0.4880 0.7687 0.5380 0.4518 0.2085 0.2918 0.5599 0.3536 0.3904 0.0000 0.3198 0.0000 0.6701 0.3878 0.2500 0.1866 0.4419 0.2652 0.6663 0.3953 0.7865 0.6396 0.8427 0.6227 0.6396 0.5477 0.6663 0.3536 0.1667 0.5238 0.3864 0.2337 0.3411 0.1474 0.2364
0.7116 0.5000 0.5617 0.8825 1.0000 0.8874 0.4136 0.4108 0.6999 0.8347 0.0000 0.3000 0.3814 0.6030 0.7687 0.5401 0.4170 0.7372 0.2942 0.3536 0.3077 0.6864 0.7184 0.2520 0.1204 0.0000 0.0000 0.7029 0.2957 0.0788 0.3941 0.7184 0.2182 0.3913 0.5000 0.7184 0.4881 0.7206 0.6897 0.9234 0.1085 0.7391 0.4854 0.5774 0.5547 0.5676 0.4000 0.3005 0.3536 0.0000
0.5080 0.2941 0.5000 0.7500 0.8874 1.0000 0.2540 0.5189 0.5000 0.6438 0.0000 0.4330 0.2673 0.4985 0.6124 0.3430 0.3536 0.7620 0.4082 0.0000 0.4082 0.7620 0.8672 0.3721 0.0000 0.0000 0.0000 0.8165 0.2500 0.2673 0.5916 0.7303 0.4000 0.3536 0.7100 0.8677 0.2970 0.6794 0.8165 0.8660 0.0000 0.5401 0.6806 0.5774 0.5345 0.5916 0.4201 0.4264 0.1085 0.3000
0.5263 0.4385 0.7753 0.3446 0.4136 0.2540 1.0000 0.1270 0.4495 0.2294 0.0000 0.4824 0.6592 0.6424 0.5839 0.9129 0.1591 0.0000 0.2384 0.1796 0.1120 0.0000 0.0000 0.5469 0.4336 0.0000 0.2037 0.2884 0.5599 0.2500 0.2362 0.0000 0.6187 0.0287 0.7255 0.6350 0.4874 0.2904 0.5534 0.4874 0.0400 0.5449 0.1147 0.0000 0.2010 0.1223 0.4423 0.2294 0.2500 0.0000
0.3810 0.6455 0.0679 0.3739 0.4108 0.5189 0.1270 1.0000 0.1270 0.0993 0.4167 0.0000 0.1796 0.1132 0.6040 0.0000 0.1873 0.2903 0.0000 0.6547 0.2037 0.7419 0.6005 0.7132 0.3394 0.3394 nan 0.4874 0.6110 0.6794 0.1936 0.2402 0.2831 0.2282 0.1132 0.2182 0.4000 0.3739 0.4874 0.6644 0.0000 0.4167 0.9102 0.1667 0.2037 0.2282 0.3819 1.0000 0.4472 0.5477
0.5263 0.4385 0.5324 0.5324 0.6999 0.5000 0.4495 0.1270 1.0000 0.8030 0.4136 0.1316 0.5820 0.3900 0.7698 0.4174 0.1273 0.6579 0.2357 0.7746 0.4152 0.4495 0.3244 0.3017 0.3468 0.3441 0.2182 0.2884 0.1065 0.3244 0.5449 0.6489 0.1250 0.2294 0.2539 0.3810 0.7006 0.6281 0.5130 0.3892 0.4714 0.7456 0.2868 0.3273 0.2485 0.5380 0.4120 0.2294 0.2500 0.1474
0.7040 0.4287 0.5330 0.7249 0.8347 0.6438 0.2294 0.0993 0.8030 1.0000 0.1886 0.3068 0.4950 0.5311 0.6928 0.2831 0.4401 0.8528 0.2121 0.4714 0.3051 0.4950 0.3394 0.0000 0.0000 0.3015 0.0000 0.5222 0.0000 0.0542 0.3419 0.8065 0.0000 0.3500 0.1796 0.6054 0.6030 0.6107 0.3944 0.3208 0.3873 0.8000 0.1240 0.6124 0.5500 0.6396 0.1814 0.1448 0.6508 0.1814
0.3536 0.5423 0.2365 0.2365 0.0000 0.0000 0.0000 0.4167 0.4136 0.1886 1.0000 0.5423 0.4903 0.1886 0.4804 0.0000 0.3612 0.3536 0.5883 0.6455 0.7308 0.4903 0.2364 0.5517 0.3333 1.0000 0.7638 0.2887 0.2365 0.8669 0.6522 0.4120 0.3043 0.5517 0.0000 0.0000 0.6892 0.6476 0.4234 0.1886 0.8672 0.2364 0.5164 0.5774 0.0693 0.5026 0.3612 0.6405 0.0000 1.0000
0.7303 0.5000 0.8437 0.5916 0.3000 0.4330 0.4824 0.0000 0.1316 0.3068 0.5423 1.0000 0.7303 0.8557 0.4985 0.4082 1.0000 0.1316 1.0000 0.0000 0.8485 0.0500 0.0000 0.5222 0.0000 0.5477 0.5423 0.7246 0.5916 0.6860 0.4118 0.0000 0.7593 0.8367 0.6124 0.7939 0.8911 0.7670 0.7100 0.5976 0.8528 0.4000 0.2958 0.0000 0.5477 0.6471 0.5000 0.2958 0.1715 0.4201
0.6489 0.6455 0.8255 0.6024 0.3814 0.2673 0.6592 0.1796 0.5820 0.4950 0.4903 0.7303 1.0000 0.7071 0.8065 0.7746 0.6139 0.3244 0.4939 0.3780 0.3770 0.1884 0.0000 0.6394 0.0598 0.7071 0.7143 0.5080 0.6024 0.6187 0.4375 0.2500 0.7188 0.3536 0.5590 0.6110 0.7977 0.6956 0.6091 0.3419 0.7083 0.6187 0.0625 0.0000 0.1562 0.3769 0.2085 0.4950 0.2673 0.4869
0.8528 0.4824 0.9168 0.5750 0.6030 0.4985 0.6424 0.1132 0.3900 0.5311 0.1886 0.8557 0.7071 1.0000 0.7249 0.7500 0.4869 0.3791 0.6364 0.3536 0.5547 0.2530 0.1796 0.4454 0.1037 0.3015 0.5601 0.8182 0.8000 0.3739 0.4237 0.2037 0.6658 0.4237 0.5388 0.7040 0.8584 0.6400 0.7506 0.8408 0.4201 0.6658 0.3482 0.0000 0.5500 0.7242 0.4824 0.4874 0.6396 0.1886
0.7947 0.8672 0.7377 0.7377 0.7687 0.6124 0.5839 0.6040 0.7698 0.6928 0.4804 0.4985 0.8065 0.7249 1.0000 0.4880 0.5026 0.5960 0.4082 0.7071 0.4795 0.5839 0.3769 0.7185 0.2820 0.5774 0.4237 0.6222 0.5533 0.6124 0.5330 0.5276 0.5330 0.4330 0.4719 0.7620 0.8208 0.7771 0.7404 0.6276 0.5401 0.8660 0.5330 0.1667 0.4303 0.5539 0.5008 0.6928 0.5000 0.5008
0.5477 0.0000 1.0000 0.4880 0.5401 0.3430 0.9129 0.0000 0.4174 0.2831 0.0000 0.4082 0.7746 0.7500 0.4880 1.0000 0.1491 0.0000 0.1491 0.0000 0.0000 0.0000 0.0000 0.3390 0.1491 0.0000 nan 0.2831 0.4880 0.0000 0.0913 0.0000 0.7303 0.0000 0.7746 0.7071 0.5000 0.3246 0.5477 0.4629 0.0000 0.4167 0.0000 0.0000 nan 0.0000 0.0913 0.0000 0.0000 0.0000
0.7372 0.6500 0.5547 0.7687 0.4170 0.3536 0.1591 0.1873 0.1273 0.4401 0.3612 1.0000 0.6139 0.4869 0.5026 0.1491 1.0000 0.1124 0.6538 0.0000 0.4160 0.1591 0.0000 0.2526 0.0000 0.5517 nan 0.4401 0.2427 0.5000 0.0000 0.0000 0.2692 0.8669 0.0000 0.7338 0.7894 0.6934 0.4003 0.4353 0.7276 0.5517 0.2520 0.0000 0.6934 0.2364 0.3043 0.1873 0.0000 0.3536
0.4211 0.0913 0.3179 0.5380 0.7372 0.7620 0.0000 0.2903 0.6579 0.8528 0.3536 0.1316 0.3244 0.3791 0.5960 0.0000 0.1124 1.0000 0.1591 0.4167 0.4336 0.8111 0.7467 0.0226 0.0000 0.3441 0.2928 0.6387 0.0978 0.2037 0.7116 1.0000 0.0976 0.1474 0.1796 0.3462 0.2712 0.5960 0.4532 0.2712 0.3430 0.5345 0.3397 0.8729 0.2868 0.7500 0.0000 0.3900 0.4615 0.4120
0.6999 0.4183 0.6776 0.4518 0.2942 0.4082 0.2384 0.0000 0.2357 0.2121 0.5883 1.0000 0.4939 0.6364 0.4082 0.1491 0.6538 0.1591 1.0000 0.2085 0.8808 0.2384 0.1961 0.5244 0.3669 0.4160 0.5517 0.6974 0.4518 0.6864 0.5303 0.0981 0.5303 0.7955 0.2193 0.5080 0.8528 0.7614 0.7255 0.6396 0.8101 0.2652 0.5303 0.0000 0.5270 0.6784 0.6522 0.3051 0.0000 0.3913
0.7500 0.6667 0.2085 0.2085 0.3536 0.0000 0.1796 0.6547 0.7746 0.4714 0.6455 0.0000 0.3780 0.3536 0.7071 0.0000 0.0000 0.4167 0.2085 1.0000 0.5000 0.5388 0.3780 0.5000 0.5477 0.5401 0.3536 0.1980 0.4804 0.5095 0.2582 0.5000 0.0000 0.4167 0.0000 0.0000 0.6794 0.4804 0.3015 0.5095 0.3162 0.7303 0.7303 0.0000 nan 0.6455 0.5000 0.7024 0.6547 0.2425
0.7370 0.7303 0.5571 0.2918 0.3077 0.4082 0.1120 0.2037 0.4152 0.3051 0.7308 0.8485 0.3770 0.5547 0.4795 0.0000 0.4160 0.4336 0.8808 0.5000 1.0000 0.3919 0.3536 0.4932 0.5669 0.5669 0.6547 0.6788 0.2918 0.6864 0.6934 0.3536 0.3814 0.6934 0.0000 0.4120 0.8173 0.6930 0.6816 0.5658 0.7303 0.3814 0.6934 nan 0.5571 0.8278 0.8341 0.4914 0.1474 0.6019
0.4056 0.1936 0.1292 0.5599 0.6864 0.7620 0.0000 0.7419 0.4495 0.4950 0.4903 0.0500 0.1884 0.2530 0.5839 0.0000 0.1591 0.8111 0.2384 0.5388 0.3919 1.0000 0.8922 0.3772 0.0434 0.3536 0.1429 0.6985 0.3446 0.4056 0.5449 0.8111 0.0884 0.3536 0.0725 0.1796 0.3419 0.6534 0.5534 0.5698 0.4714 0.3536 0.7071 1.0000 0.2010 0.6030 0.1873 0.7071 0.3536 0.6255
0.2928 0.0000 0.0884 0.3536 0.7184 0.8672 0.0000 0.6005 0.3244 0.3394 0.2364 0.0000 0.0000 0.1796 0.3769 0.0000 0.0000 0.7467 0.1961 0.3780 0.3536 0.8922 1.0000 0.2906 0.1037 0.0000 0.0913 0.7977 0.3769 0.2258 0.6110 0.7500 0.1429 0.0976 0.2236 0.0000 0.1754 0.4950 0.6124 0.7894 0.1581 0.0976 0.7259 0.6667 nan 0.7143 0.1936 0.5698 0.2831 0.2582
0.5530 0.6860 0.5754 0.3904 0.2520 0.3721 0.5469 0.7132 0.3017 0.0000 0.5517 0.5222 0.6394 0.4454 0.7185 0.3390 0.2526 0.0226 0.5244 0.5000 0.4932 0.3772 0.2906 1.0000 0.5895 0.5040 0.5556 0.4938 0.7185 0.8825 0.5698 0.0581 0.7559 0.3873 0.5199 0.5477 0.8006 0.6083 0.8068 0.6939 0.6325 0.3873 0.6547 0.0000 nan 0.2381 0.6500 0.7977 0.0000 0.6010
0.2673 0.5477 0.2362 0.0000 0.1204 0.0000 0.4336 0.3394 0.3468 0.0000 0.3333 0.0000 0.0598 0.1037 0.2820 0.1491 0.0000 0.0000 0.3669 0.5477 0.5669 0.0434 0.1037 0.5895 1.0000 0.0000 nan 0.0000 0.2362 0.5774 0.4880 0.0000 0.1491 0.2182 0.0000 0.0620 0.4961 0.1890 0.4364 0.5130 0.0000 0.2182 0.6547 0.0000 0.1890 0.2182 0.8427 0.3394 0.0000 0.0000
0.3441 0.5477 0.3198 0.3198 0.0000 0.0000 0.0000 0.3394 0.3441 0.3015 1.0000 0.5477 0.7071 0.3015 0.5774 0.0000 0.5517 0.3441 0.4160 0.5401 0.5669 0.3536 0.0000 0.5040 0.0000 1.0000 0.7559 0.2694 0.3198 0.7559 0.4170 0.3592 0.3780 0.4170 0.0000 0.2402 0.6417 0.5774 0.2694 0.0000 0.8402 0.3780 0.0605 0.4082 0.0000 0.3536 0.0000 0.6000 0.3203 0.8341
0.2037 nan 0.5345 0.0000 0.0000 0.0000 0.2037 nan 0.2182 0.0000 0.7638 0.5423 0.7143 0.5601 0.4237 nan nan 0.2928 0.5517 0.3536 0.6547 0.1429 0.0913 0.5556 nan 0.7559 1.0000 0.4364 0.5447 0.7500 0.7638 0.3536 0.7143 0.0913 0.3536 0.2000 0.5601 0.4237 0.4364 0.0700 0.7593 0.0913 0.0700 nan 0.0000 0.5477 nan 0.5698 0.2928 0.7303
0.6593 0.1754 0.6701 0.6701 0.7029 0.8165 0.2884 0.4874 0.2884 0.5222 0.2887 0.7246 0.5080 0.8182 0.6222 0.2831 0.4401 0.6387 0.6974 0.1980 0.6788 0.6985 0.7977 0.4938 0.0000 0.2694 0.4364 1.0000 0.6701 0.4364 0.6467 0.5957 0.6547 0.4815 0.6030 0.6999 0.6471 0.7777 0.8548 0.8529 0.5941 0.4364 0.6693 0.1667 0.4490 0.8165 0.3208 0.6107 0.4136 0.4401
0.5625 0.2582 0.5918 0.3878 0.2957 0.2500 0.5599 0.6110 0.1065 0.0000 0.2365 0.5916 0.6024 0.8000 0.5533 0.4880 0.2427 0.0978 0.4518 0.4804 0.2918 0.3446 0.3769 0.7185 0.2362 0.3198 0.5447 0.6701 1.0000 0.5000 0.2652 0.0754 0.6663 0.2652 0.4719 0.3394 0.6396 0.4987 0.6227 0.7242 0.4167 0.2652 0.4264 0.0000 0.0476 0.3864 0.2364 0.7249 0.5345 0.2364
0.3394 0.7276 0.5000 0.2500 0.0788 0.2673 0.2500 0.6794 0.3244 0.0542 0.8669 0.6860 0.6187 0.3739 0.6124 0.0000 0.5000 0.2037 0.6864 0.5095 0.6864 0.4056 0.2258 0.8825 0.5774 0.7559 0.7500 0.4364 0.5000 1.0000 0.7143 0.2037 0.7865 0.4869 0.3246 0.4167 0.8408 0.6124 0.6985 0.4201 0.8677 0.3394 0.6190 0.0000 0.1768 0.4237 0.7100 0.7977 0.0000 0.8672
0.1873 0.0000 0.5303 0.1866 0.3941 0.5916 0.2362 0.1936 0.5449 0.3419 0.6522 0.4118 0.4375 0.4237 0.5330 0.0913 0.0000 0.7116 0.5303 0.2582 0.6934 0.5449 0.6110 0.5698 0.4880 0.4170 0.7638 0.6467 0.2652 0.7143 1.0000 0.7143 0.6522 0.1429 0.4880 0.4167 0.4985 0.5613 0.7633 0.3208 0.7746 0.2364 0.4880 0.5774 0.1250 0.7679 0.5916 0.5008 0.0400 0.6500
0.3246 0.0000 0.1768 0.4419 0.7184 0.7303 0.0000 0.2402 0.6489 0.8065 0.4120 0.0000 0.2500 0.2037 0.5276 0.0000 0.0000 1.0000 0.0981 0.5000 0.3536 0.8111 0.7500 0.0581 0.0000 0.3592 0.3536 0.5957 0.0754 0.2037 0.7143 1.0000 0.0000 0.0464 0.1118 0.0589 0.2831 0.5657 0.4082 0.2831 0.4472 0.4174 0.3111 0.8729 nan 0.7467 0.0000 0.3791 0.3203 0.4108
0.3394 0.2425 0.7955 0.2652 0.2182 0.4000 0.6187 0.2831 0.1250 0.0000 0.3043 0.7593 0.7188 0.6658 0.5330 0.7303 0.2692 0.0976 0.5303 0.0000 0.3814 0.0884 0.1429 0.7559 0.1491 0.3780 0.7143 0.6547 0.6663 0.7865 0.6522 0.0000 1.0000 0.1429 0.8783 0.7083 0.5698 0.4330 0.7633 0.4401 0.5477 0.2364 0.2381 0.0000 0.1250 0.2949 0.3536 0.5698 0.0400 0.5477
0.7865 0.6471 0.4264 0.6663 0.3913 0.3536 0.0287 0.2282 0.2294 0.3500 0.5517 0.8367 0.3536 0.4237 0.4330 0.0000 0.8669 0.1474 0.7955 0.4167 0.6934 0.3536 0.0976 0.3873 0.2182 0.4170 0.0913 0.4815 0.2652 0.4869 0.1429 0.0464 0.1429 1.0000 0.0000 0.4824 0.7977 0.7633 0.4931 0.6651 0.7000 0.4375 0.5922 0.0000 0.6875 0.5345 0.5477 0.2337 0.0000 0.3000
0.2582 0.0000 0.7510 0.3953 0.5000 0.7100 0.7255 0.1132 0.2539 0.1796 0.0000 0.6124 0.5590 0.5388 0.4719 0.7746 0.0000 0.1796 0.2193 0.0000 0.0000 0.0725 0.2236 0.5199 0.0000 0.0000 0.3536 0.6030 0.4719 0.3246 0.4880 0.1118 0.8783 0.0000 1.0000 1.0000 0.2831 0.3162 0.7303 0.4961 0.1581 0.2582 0.0000 0.0000 nan 0.0976 0.0913 0.3015 0.0000 0.1936
0.7308 0.7559 0.8340 0.7865 0.7184 0.8677 0.6350 0.2182 0.3810 0.6054 0.0000 0.7939 0.6110 0.7040 0.7620 0.7071 0.7338 0.3462 0.5080 0.0000 0.4120 0.1796 0.0000 0.5477 0.0620 0.2402 0.2000 0.6999 0.3394 0.4167 0.4167 0.0589 0.7083 0.4824 1.0000 1.0000 0.6644 0.6040 0.8121 0.7939 0.2941 0.7894 0.3111 nan 0.7467 0.4201 0.5423 0.3203 0.1270 0.3669
0.9102 0.8686 0.8528 0.6396 0.4881 0.2970 0.4874 0.4000 0.7006 0.6030 0.6892 0.8911 0.7977 0.8584 0.8208 0.5000 0.7894 0.2712 0.8528 0.6794 0.8173 0.3419 0.1754 0.8006 0.4961 0.6417 0.5601 0.6471 0.6396 0.8408 0.4985 0.2831 0.5698 0.7977 0.2831 0.6644 1.0000 0.8704 0.7725 0.7233 0.7906 0.6916 0.6183 0.0000 0.5698 0.8343 0.7939 0.5882 0.4152 0.4954
0.7947 0.5477 0.6707 0.8427 0.7206 0.6794 0.2904 0.3739 0.6281 0.6107 0.6476 0.7670 0.6956 0.6400 0.7771 0.3246 0.6934 0.5960 0.7614 0.4804 0.6930 0.6534 0.4950 0.6083 0.1890 0.5774 0.4237 0.7777 0.4987 0.6124 0.5613 0.5657 0.4330 0.7633 0.3162 0.6040 0.8704 1.0000 0.8009 0.6963 0.9102 0.5613 0.5774 0.1667 0.4414 0.6701 0.4401 0.5196 0.1132 0.5008
0.6593 0.4824 0.7866 0.6227 0.6897 0.8165 0.5534 0.4874 0.5130 0.3944 0.4234 0.7100 0.6091 0.7506 0.7404 0.5477 0.4003 0.4532 0.7255 0.3015 0.6816 0.5534 0.6124 0.8068 0.4364 0.2694 0.4364 0.8548 0.6227 0.6985 0.7633 0.4082 0.7633 0.4931 0.7303 0.8121 0.7725 0.8009 1.0000 0.8704 0.6651 0.4931 0.6860 0.0000 0.4588 0.6701 0.6916 0.6107 0.1031 0.4401
0.8408 0.5345 0.6396 0.6396 0.9234 0.8660 0.4874 0.6644 0.3892 0.3208 0.1886 0.5976 0.3419 0.8408 0.6276 0.4629 0.4353 0.2712 0.6396 0.5095 0.5658 0.5698 0.7894 0.6939 0.5130 0.0000 0.0700 0.8529 0.7242 0.4201 0.3208 0.2831 0.4401 0.6651 0.4961 0.7939 0.7233 0.6963 0.8704 1.0000 0.3203 0.4985 0.8549 0.0000 0.5698 0.6396 0.6892 0.5882 0.4286 0.0000
0.4763 0.3273 0.5401 0.5477 0.1085 0.0000 0.0400 0.0000 0.4714 0.3873 0.8672 0.8528 0.7083 0.4201 0.5401 0.0000 0.7276 0.3430 0.8101 0.3162 0.7303 0.4714 0.1581 0.6325 0.0000 0.8402 0.7593 0.5941 0.4167 0.8677 0.7746 0.4472 0.5477 0.7000 0.1581 0.2941 0.7906 0.9102 0.6651 0.3203 1.0000 0.2169 0.3800 0.5000 0.1667 0.5401 0.2425 0.5423 0.0000 0.8402
0.8825 0.8677 0.6663 0.6663 0.7391 0.5401 0.5449 0.4167 0.7456 0.8000 0.2364 0.4000 0.6187 0.6658 0.8660 0.4167 0.5517 0.5345 0.2652 0.7303 0.3814 0.3536 0.0976 0.3873 0.2182 0.3780 0.0913 0.4364 0.2652 0.3394 0.2364 0.4174 0.2364 0.4375 0.2582 0.7894 0.6916 0.5613 0.4931 0.4985 0.2169 1.0000 0.3769 0.1667 0.6875 0.5345 0.5477 0.4237 0.8485 0.2282
0.6040 0.7746 0.2665 0.3536 0.4854 0.6806 0.1147 0.9102 0.2868 0.1240 0.5164 0.2958 0.0625 0.3482 0.5330 0.0000 0.2520 0.3397 0.5303 0.7303 0.6934 0.7071 0.7259 0.6547 0.6547 0.0605 0.0700 0.6693 0.4264 0.6190 0.4880 0.3111 0.2381 0.5922 0.0000 0.3111 0.6183 0.5774 0.6860 0.8549 0.3800 0.3769 1.0000 0.0000 0.5000 0.6202 0.8062 0.7949 0.2041 0.3819
0.0000 0.0000 0.0000 0.1667 0.5774 0.5774 0.0000 0.1667 0.3273 0.6124 0.5774 0.0000 0.0000 0.0000 0.1667 0.0000 0.0000 0.8729 0.0000 0.0000 nan 1.0000 0.6667 0.0000 0.0000 0.4082 nan 0.1667 0.0000 0.0000 0.5774 0.8729 0.0000 0.0000 0.0000 nan 0.0000 0.1667 0.0000 0.0000 0.5000 0.1667 0.0000 1.0000 nan 0.5774 0.0000 0.1667 0.0000 0.6667
0.7456 0.7303 0.5238 0.5238 0.5547 0.5345 0.2010 0.2037 0.2485 0.5500 0.0693 0.5477 0.1562 0.5500 0.4303 nan 0.6934 0.2868 0.5270 nan 0.5571 0.2010 nan nan 0.1890 0.0000 0.0000 0.4490 0.0476 0.1768 0.1250 nan 0.1250 0.6875 nan 0.7467 0.5698 0.4414 0.4588 0.5698 0.1667 0.6875 0.5000 nan 1.0000 0.5330 0.7093 0.1000 0.2673 0.0788
0.7500 0.2941 0.5909 0.3864 0.5676 0.5916 0.1223 0.2282 0.5380 0.6396 0.5026 0.6471 0.3769 0.7242 0.5539 0.0000 0.2364 0.7500 0.6784 0.6455 0.8278 0.6030 0.7143 0.2381 0.2182 0.3536 0.5477 0.8165 0.3864 0.4237 0.7679 0.7467 0.2949 0.5345 0.0976 0.4201 0.8343 0.6701 0.6701 0.6396 0.5401 0.5345 0.6202 0.5774 0.5330 1.0000 0.5517 0.4529 0.5718 0.3536
0.7338 0.8402 0.5517 0.2337 0.4000 0.4201 0.4423 0.3819 0.4120 0.1814 0.3612 0.5000 0.2085 0.4824 0.5008 0.0913 0.3043 0.0000 0.6522 0.5000 0.8341 0.1873 0.1936 0.6500 0.8427 0.0000 nan 0.3208 0.2364 0.7100 0.5916 0.0000 0.3536 0.5477 0.0913 0.5423 0.7939 0.4401 0.6916 0.6892 0.2425 0.5477 0.8062 0.0000 0.7093 0.5517 1.0000 0.3819 0.1085 0.0000
0.4359 0.6455 0.3411 0.3411 0.3005 0.4264 0.2294 1.0000 0.2294 0.1448 0.6405 0.2958 0.4950 0.4874 0.6928 0.0000 0.1873 0.3900 0.3051 0.7024 0.4914 0.7071 0.5698 0.7977 0.3394 0.6000 0.5698 0.6107 0.7249 0.7977 0.5008 0.3791 0.5698 0.2337 0.3015 0.3203 0.5882 0.5196 0.6107 0.5882 0.5423 0.4237 0.7949 0.1667 0.1000 0.4529 0.3819 1.0000 0.5204 0.7865
0.6154 0.3873 0.3397 0.1474 0.3536 0.1085 0.2500 0.4472 0.2500 0.6508 0.0000 0.1715 0.2673 0.6396 0.5000 0.0000 0.0000 0.4615 0.0000 0.6547 0.1474 0.3536 0.2831 0.0000 0.0000 0.3203 0.2928 0.4136 0.5345 0.0000 0.0400 0.3203 0.0400 0.0000 0.0000 0.1270 0.4152 0.1132 0.1031 0.4286 0.0000 0.8485 0.2041 0.0000 0.2673 0.5718 0.1085 0.5204 1.0000 0.0000
0.1474 0.3536 0.2337 0.2364 0.0000 0.3000 0.0000 0.5477 0.1474 0.1814 1.0000 0.4201 0.4869 0.1886 0.5008 0.0000 0.3536 0.4120 0.3913 0.2425 0.6019 0.6255 0.2582 0.6010 0.0000 0.8341 0.7303 0.4401 0.2364 0.8672 0.6500 0.4108 0.5477 0.3000 0.1936 0.3669 0.4954 0.5008 0.4401 0.0000 0.8402 0.2282 0.3819 0.6667 0.0788 0.3536 0.0000 0.7865 0.0000 1.0000


Item-based Pearson Correlation:
1.0000 0.0000 0.0000 0.1850 0.0762 0.0000 0.3846 0.2838 0.0214 0.0000
0.0000 1.0000 0.2497 0.0248 0.0000 0.0000 0.0000 0.1509 0.0039 0.0000
0.0000 0.2497 1.0000 0.0000 0.0000 0.0000 0.0000 0.0000 0.0000 0.0000
0.1850 0.0248 0.0000 1.0000 0.2102 0.0534 0.1556 0.0842 0.3224 0.0000
0.0762 0.0000 0.0000 0.2102 1.0000 0.0615 0.0000 0.0000 0.4597 0.0484
0.0000 0.0000 0.0000 0.0534 0.0615 1.0000 0.1195 0.1709 0.1241 0.0000
0.3846 0.0000 0.0000 0.1556 0.0000 0.1195 1.0000 0.0290 0.0000 0.0000
0.2838 0.1509 0.0000 0.0842 0.0000 0.1709 0.0290 1.0000 0.0000 0.1465
0.0214 0.0039 0.0000 0.3224 0.4597 0.1241 0.0000 0.0000 1.0000 0.0000
0.0000 0.0000 0.0000 0.0000 0.0484 0.0000 0.0000 0.1465 0.0000 1.0000
